instance61_nreq1000_nveh20_gamma879
27 1027 699 162 164 421 1164 822 1699 598 1162 532 1532 744 443 1744 254 1822 1421 511 1511 285 1598 457 1443 843 1457 113 1843 422 1422 528 1528 160 1285 772 1113 271 1160 879 1772 1254 183 1183 479 459 1271 1479 839 1839 1459 303 367 1367 176 1176 120 1303 1879 483 354 1483 304 1354 313 1304 652 1313 752 1752 103 1103 666 1666 36 1036 1652 799 1799 206 474 1206 1474 1120 42 978 1042 1978
182 315 608 859 1859 9 1009 954 1315 878 1954 292 1878 530 1530 324 1608 590 1324 748 673 1182 672 1672 758 1673 736 1736 981 1590 1292 868 1758 754 1981 236 1868 54 1054 1236 372 1754 614 827 1827 509 960 1960 1509 1748 901 1372 740 1901 568 423 1423 1568 925 340 1740 133 1925 1340 3 268 1133 175 1003 1268 654 1175 899 1614 790 1790 788 124 1788 1654 172 300 1172 1300 343 1124 1899 1343
138 230 828 284 1230 999 1284 792 1828 243 1792 1243 838 847 1999 809 1847 118 1809 696 1696 1118 712 659 1138 656 1656 797 1659 415 1838 179 1712 393 1393 342 1797 888 1888 202 1202 1415 488 1342 337 1337 321 1321 359 1488 1359 791 17 222 1791 1017 331 739 1739 1222 945 1331 33 1033 950 1945 269 1179 1950 388 755 1755 499 1388 898 1269 149 577 1499 1149 14 1898 700 1014 1577 493 1700 1493
384 439 465 444 1444 585 1585 453 1465 250 1250 566 1439 1453 66 941 1066 1566 856 1941 213 1384 341 1856 663 1663 814 1213 185 1814 45 1185 600 1600 732 1341 686 1732 959 1959 104 1045 922 1104 252 1252 255 1686 294 1922 156 1294 48 1156 641 1048 90 1255 846 1641 667 1846 1667 947 1090 1000 576 2000 464 1464 649 1576 961 1961 391 1947 725 1725 1649 1391 837 390 64 1837 1390 858 1064 1858
747 355 723 1747 126 616 1616 480 1126 815 1815 946 1946 806 1723 130 1806 514 1514 642 1642 540 1130 677 1540 942 1480 170 1170 801 1942 426 1426 471 1801 734 1734 669 1471 373 1355 353 1669 1353 1677 144 873 413 1373 122 1122 1413 1873 775 22 1144 442 1022 320 1320 1442 571 435 1435 537 1571 245 695 1695 1537 1245 30 526 1030 548 1526 492 1548 448 1448 108 1108 1492 1775 768 866 1768 1866
870 49 177 1177 501 1501 547 1547 440 1440 1049 503 468 12 1870 309 1309 1503 1012 328 762 1468 684 8 1328 829 1829 495 1762 1684 704 352 1352 705 1704 1705 316 1316 229 1229 923 472 1008 1495 1472 504 1923 159 805 628 1628 783 1783 347 1159 751 1751 1805 260 1504 31 1031 1260 655 689 263 1655 1263 1347 119 1689 403 995 1119 1403 1995 726 82 541 1541 1726 279 11 516 1082 1279 1516 1011
462 863 97 525 1525 823 1462 1863 107 225 1097 1823 711 1711 408 1408 977 178 1225 208 1208 6 1006 626 1178 1626 386 1977 591 1591 972 1972 470 1386 635 1107 242 720 1720 1635 918 764 1470 77 1077 1918 29 1242 703 1029 885 378 1703 1885 630 420 1630 58 1378 1764 200 1058 327 1200 545 1545 1420 559 707 1559 1707 789 1327 71 368 1071 1368 302 1789 1302 188 597 1188 1597 410 1410 417 1417
204 816 397 572 1572 784 1784 106 1204 802 1816 929 1929 1802 759 218 1106 1759 142 735 1397 643 1218 970 1970 32 1032 226 1226 975 1975 325 1325 207 1735 477 1643 1207 549 237 1549 81 1477 50 1081 895 1895 603 1603 1050 573 381 1142 219 1219 1237 820 916 1916 757 1757 523 1523 486 1486 1820 261 1261 1573 416 1381 491 1491 512 399 1416 406 1406 848 565 1399 1848 542 1512 1565 1542 98 1098
533 951 339 1533 1339 105 517 1951 70 1070 561 165 1517 1165 862 1862 622 1105 1622 251 1561 166 233 662 1662 1251 157 1166 267 1267 288 1288 466 1466 570 1233 291 1291 579 543 1570 793 1157 580 1543 266 1793 650 1266 1579 633 1650 844 606 1633 612 1580 1844 382 1606 678 1678 569 1569 173 749 1749 1173 1382 205 155 1155 889 1889 258 1612 13 1013 1205 894 1894 1258 424 357 323 1424 1357 1323
28 371 729 1729 409 1409 763 1763 146 1146 653 1653 246 1246 675 1371 379 228 1379 1675 278 74 1278 1028 15 887 1015 248 1248 709 1709 454 1454 114 1887 920 1920 418 1074 61 1228 56 1061 1418 1056 1114 558 221 714 1714 1221 524 648 1558 519 1648 140 231 1140 658 1519 55 1055 167 1524 181 1167 618 1658 1618 1181 449 924 1924 1231 914 515 1515 351 1351 1914 556 376 1556 1376 452 1449 1452
587 79 949 1949 425 810 1425 69 1587 710 1069 1810 475 927 1927 319 1475 1710 845 365 1365 508 1508 853 1853 455 1319 163 1163 412 588 1588 375 1412 985 1985 1375 91 1845 1455 437 215 1437 1215 811 1091 1811 95 902 345 1095 632 1632 232 1345 489 1902 1232 1079 1489 364 1364 196 369 766 1196 20 1369 349 621 1766 1349 1020 1621 44 973 691 1044 1691 201 1201 1973 127 436 1127 1436 546 1546
241 611 996 1611 550 1996 60 68 1241 43 1060 1043 174 63 1550 644 1063 80 1644 911 1080 586 1586 733 1911 249 1174 1249 385 741 1385 1741 451 769 1451 88 1088 730 1730 938 1938 227 1769 594 1227 1068 851 128 1594 5 1851 51 1128 693 1005 1051 1693 396 956 1733 148 1396 1956 604 731 1604 52 952 1052 1731 1148 719 917 1917 688 1952 1688 536 1719 1536 867 682 83 1867 234 1682 1234 1083
770 912 939 690 220 1770 1220 370 1370 1690 34 326 1326 518 1518 881 1034 687 1912 701 1687 831 1939 989 1881 1701 661 168 1831 121 1661 578 1168 115 1578 876 1989 298 1298 389 1389 275 1115 795 1121 395 1876 984 1984 786 1786 125 1275 18 1125 16 1018 728 1728 882 1016 857 1395 363 1882 270 1857 1795 1363 141 716 1141 852 1716 1270 743 830 1743 286 1830 280 1852 1286 874 1280 428 1428 1874
289 864 753 333 1289 184 1753 1184 87 623 1864 469 1333 1087 884 1884 871 496 1469 715 1496 1715 301 647 1301 813 1871 1647 564 1564 601 1623 1601 964 771 531 1771 1531 774 23 1023 1964 506 1813 840 1506 299 1840 297 1299 96 1774 825 557 1297 360 1825 458 1096 1360 362 161 1557 1458 804 1804 73 1073 1161 346 913 982 1346 639 1639 698 807 1807 1698 1913 1982 919 212 1212 513 1919 1362 1513
47 198 965 892 1047 137 1965 685 1685 991 1991 832 1832 153 1137 607 1153 276 1276 463 1198 967 1967 1463 592 1892 62 1062 4 1004 407 1407 1607 988 295 398 1398 1295 380 1380 86 1086 855 1855 966 1592 665 1988 75 1665 529 1529 1966 187 387 1075 193 1187 900 240 1900 1387 602 836 1240 563 1836 264 1193 1602 627 1563 37 1264 1627 584 282 1037 1584 742 1282 134 1134 1742 738 782 1782 1738
100 484 135 1484 39 1100 794 1039 281 1281 78 131 1131 456 1456 681 1681 636 1636 24 1135 186 1186 505 1794 366 1024 136 1505 891 1891 151 1078 638 1638 404 1404 821 1821 906 1151 510 1906 1366 554 617 1617 1510 812 139 1554 1812 154 1139 1154 1136 779 717 619 1717 7 1619 1779 329 203 1007 1329 1203 336 671 756 19 1019 1671 1336 1756 92 287 679 1092 1679 969 1287 427 1427 1969 931 1931
46 311 1046 67 180 53 1180 625 1311 10 1625 955 1010 312 1053 152 1312 1152 450 1450 980 1 1067 826 1955 987 1826 1987 322 283 1980 552 1552 94 1094 915 1283 1915 190 817 1817 1322 581 854 1581 374 1190 983 1001 223 1223 85 1374 803 1085 1854 993 1983 394 908 1908 722 1803 1993 485 447 1394 538 1722 1485 318 1538 1447 893 256 968 1256 1968 259 1318 664 1893 1664 718 1718 1259 750 1750
962 430 660 1660 535 724 1724 551 1551 111 1111 145 1962 824 1824 634 1145 192 1430 1634 796 224 1796 909 1224 778 1778 1192 498 613 1498 490 1490 99 1099 544 1613 429 1544 1909 431 482 1482 877 1429 746 1746 84 1877 460 1535 1431 1460 26 348 109 1026 277 1084 1277 216 1216 40 273 1040 38 1109 132 1038 1132 963 760 1963 896 1896 239 1760 1239 41 1273 1348 904 1041 808 1808 332 1904 1332
697 527 610 953 1527 761 1953 467 1610 361 1761 1697 534 195 1534 244 1244 994 1467 401 1401 777 1777 338 1338 833 1994 461 1833 683 1195 1361 1461 883 293 990 1883 553 1990 265 1265 596 1293 903 1903 330 1330 933 1933 310 1310 1596 713 842 1553 1713 875 1875 992 1842 147 1992 335 1683 434 1434 414 1335 781 1147 1414 986 651 1986 1651 317 562 1562 1781 680 308 1308 928 1928 1680 934 1934 1317
706 692 670 1706 880 1670 1880 306 217 35 1692 631 1035 702 1702 1631 497 1497 253 657 1657 1253 350 344 1306 834 1344 890 1890 1217 668 1668 976 1976 72 1834 117 1350 194 1117 247 1194 433 1433 583 89 1089 905 1583 998 1072 721 1998 910 1905 1247 405 169 1721 1169 773 1910 1405 727 624 1727 861 1624 1861 745 1773 520 935 1520 445 1445 211 1935 478 1745 419 1211 539 1539 1419 1478
