instance61_nreq1000_nveh20_gamma879
241 371 182 1241 413 1413 193 1371 559 1182 576 1193 1559 224 264 910 1224 1264 300 708 1910 378 1576 885 1885 147 1147 618 1618 537 1537 627 1300 162 1378 84 1708 701 1162 849 1084 503 1701 634 1849 841 1627 1503 893 512 1634 643 1841 203 1893 516 1643 340 1512 397 1340 942 1516 977 1942 579 1203 460 1397 317 1977 305 1579 659 1317 1305 233 1233 612 1460 53 647 1612 476 1647 302 1053 556 1476 1659 924 25 1924 58 1058 876 1025 866 1556 221 1302 573 1573 993 1866 774 1993 453 1774 712 1712 128 1876 913 1453 529 1221 524 1529 651 1524 700 1913 1128 798 219 1798 483 1651 368 1700 1368 1219 587 36 1483 90 1036 161 1090 665 1587 360 1665 878 1878 1161 1360 852 108 45 1108 417 1852 562 1417 648 1648 148 1045 1148 986 346 1986 1346 1562
951 863 443 1863 882 1951 132 383 1443 377 1132 992 1882 879 1377 189 1383 40 1189 314 1992 402 1879 149 1314 66 1040 112 1402 343 1066 1149 187 1343 93 765 1112 1187 410 1765 1093 948 469 366 1410 134 1469 931 1948 767 1931 489 1134 414 1366 78 1489 919 1919 775 1414 240 1078 1767 604 1775 306 1604 205 195 1240 1306 105 420 1420 1105 239 1205 1195 95 731 1731 468 1095 688 1688 297 1468 950 1239 721 1297 898 143 1143 1721 1898 485 754 1754 842 1485 520 1950 287 1842 335 1520 19 1335 966 1019 1287 495 418 1418 892 1966 207 887 1495 1887 1207 1892 789 680 756 1789 331 1756 1680 718 1718 818 26 1331 726 1026 1726 294 429 1294 415 1415 1429 1818 546 245 323 473 1323 1245 1546 1473 390 272 1390 1272
344 717 254 342 1717 80 1344 983 1254 372 1983 896 1896 166 1342 491 1491 138 1372 47 1047 506 1506 739 1080 698 359 1359 695 1695 178 1698 168 1178 1168 61 1739 1166 713 918 1138 811 1713 760 1811 590 675 1590 477 1675 236 1061 439 1918 1760 164 1164 877 1236 472 1477 412 1472 1412 151 106 1106 939 1151 578 1877 820 1439 636 1636 929 1929 204 1939 304 1304 72 1072 165 1578 31 249 1165 545 1249 1031 746 1545 324 1204 388 1388 828 1746 384 1828 823 1823 309 1309 268 1268 29 1029 104 1104 757 1757 762 1384 656 1324 831 1831 990 1990 802 1802 650 1650 972 1656 663 1762 1820 38 374 1663 792 1038 584 1972 981 1374 803 1584 861 1803 1981 471 1792 743 662 1471 657 1861 655 1655 1662 39 1039 308 1308 563 1743 430 1563 1657 903 832 1903 211 1211 98 1098 1430 445 1445 1832 580 301 799 553 1301 1580 1799 1553
868 1868
42 935 620 1935 492 1042 14 1620 1014 646 785 1492 1785 955 1646 577 782 1782 1955 779 973 1973 1577 1779
697 540 608 962 1540 810 1962 13 1608 251 1013 809 1809 813 1251 745 1810 156 1697 899 1156 122 1122 856 1899 81 1856 1081 534 421 1534 528 1528 786 1421 888 1813 24 1745 853 1786 1888 125 381 1024 719 1381 73 1719 455 1853 79 1073 915 1455 44 1915 311 1125 396 1311 836 1836 68 1396 912 1044 816 1816 583 1583 286 602 1068 71 1071 539 1079 704 1912 174 1704 509 1174 1286 275 1602 299 1539 278 1278 3 1003 801 1509 911 1911 367 1367 5 1005 499 1801 295 1299 242 1242 18 1275 709 1709 139 1139 315 1499 732 1018 15 1315 725 1295 1015 1732 613 201 707 1201 536 1536 479 1479 531 1707 796 1725 1531 1796 1613 644 135 91 1091 427 1427 1000 480 2000 601 1601 575 1644 141 1141 332 1332 1135 1480 1575 464 1464 270 8 318 1318 1008 1270 964 155 705 1155 771 1771 1964 434 1434 1705
533 100 339 949 1949 1533 325 642 1339 444 1642 753 1444 788 1788 185 1185 984 1984 954 1954 6 1006 146 1146 1753 684 1100 622 267 1267 696 1622 883 1696 322 1883 846 1846 253 1253 847 496 1325 715 1496 1322 194 1715 987 1194 248 250 1248 1987 398 985 1398 94 1094 355 1985 298 1355 1847 35 1298 389 1389 532 1532 497 1497 759 1035 312 284 1759 393 1312 87 1087 375 1375 1393 1284 46 996 1250 407 1046 1996 751 456 1751 401 1456 514 1401 1514 679 791 1679 777 1777 70 1070 457 1457 77 1077 244 1244 184 1184 152 1152 839 1839 4 1004 953 1953 140 1140 1407 425 547 1547 855 1855 385 1385 959 1959 167 784 1784 1167 433 1433 711 1791 1711 625 423 1423 1425 33 976 1033 43 1684 617 1617 895 1043 352 1352 1976 1625 32 1032 569 1569 202 1202 552 1552 917 1917 808 673 1895 920 1920 1808 564 1564 1673
619 49 419 1619 65 609 1049 787 1065 1609 442 1419 568 1442 133 432 1568 142 1787 641 1133 209 1432 645 1645 971 1209 11 1011 676 1641 197 1971 640 1676 214 1142 210 1197 1640 101 560 1210 438 1214 336 1560 431 1438 154 1336 373 1101 874 1154 461 1431 819 1819 605 1874 682 1373 606 1682 395 1605 235 1606 773 1235 850 1395 689 1850 926 1461 376 1773 570 1376 1689 391 1926 860 238 1570 974 1860 82 1391 157 1082 213 1238 1974 110 1157 159 1213 851 348 1110 1159 399 76 1399 1348 624 173 1076 1624 416 1851 794 1173 493 1416 83 1493 403 1083 354 1794 825 1354 1403 742 382 1825 458 1742 867 1382 200 1200 1458 196 1196 738 1867 995 1738 232 478 1995 327 1232 561 1327 941 1941 1478 1561 362 85 1085 1362
289 653 770 54 1054 706 1289 1706 960 670 1670 946 1946 450 1450 815 1815 829 1829 967 1960 281 1281 518 1518 276 1276 1770 220 525 1525 291 1291 422 1422 890 1890 1967 484 1484 27 1027 523 660 1660 177 1177 1220 566 180 1180 408 1408 778 1778 724 111 1724 226 1111 586 1586 807 1226 783 1783 131 1131 1566 702 1653 616 1616 736 1736 440 1440 989 1989 588 1588 572 1572 88 1088 99 1099 508 933 1933 1508 729 1523 230 1230 747 1747 183 1183 246 1246 741 1741 103 1103 265 1265 824 1824 826 1826 678 1678 409 1409 1729 551 501 1501 611 1611 1551 511 1511 585 1585 186 1807 208 1208 681 1681 970 1970 338 1338 9 1009 1186 365 685 1685 891 1891 1365 720 938 884 1938 1884 451 1451 454 804 1804 638 1638 404 1454 163 1163 353 1404 908 1908 288 1702 1288 316 1316 1353 862 821 1821 229 1862 1229 1720 261 1261 591 1591 672 1672
527 470 733 626 1470 231 1626 880 1527 822 237 1880 351 1351 925 1237 435 1822 550 1925 505 1435 1733 961 1961 817 1817 632 12 1505 755 1755 871 1632 763 1012 243 1763 328 1550 467 1871 764 1328 126 1126 687 1764 212 1687 482 1482 1212 510 927 1467 1927 530 1243 703 1530 734 1734 610 1510 118 1118 730 1730 669 1669 394 1394 379 1379 991 1991 628 1628 380 1703 1380 285 486 1610 23 1486 600 1231 1600 69 1023 370 326 1285 728 1370 170 1728 752 1752 859 1170 462 1462 330 1330 661 1661 814 1814 1069 223 1223 515 668 1515 1668 1326 437 347 1859 17 975 749 1017 1347 1975 67 310 1067 1310 266 812 631 1266 1812 827 1631 217 1827 549 1549 55 744 1744 1055 216 1216 900 1900 117 1117 337 1337 107 1107 666 1666 1749 406 843 1406 1843 875 1437 1217 364 1875 761 603 1364 466 1603 906 1466 1761 1906 894 1894
28 864 870 1028 16 1870 119 557 1119 465 1864 277 1557 114 1277 109 1016 596 1465 22 1114 526 1022 830 1526 160 1109 543 1830 947 1160 1 1543 387 1596 857 1857 945 1001 716 1947 7 1716 607 1007 923 1945 614 1923 766 1766 192 1614 914 1914 273 1273 544 1607 448 1387 447 1192 136 1136 145 1448 10 1544 735 1447 97 1010 654 1145 677 1735 153 1097 922 1153 463 1922 690 1677 1463 693 50 1050 1693 350 74 1690 1350 247 228 1247 490 1490 504 1504 980 1228 699 1654 541 1541 909 1909 1074 48 1048 176 994 1176 965 1994 89 1965 769 1980 369 1699 283 1283 271 1769 320 1089 535 1369 840 1840 1320 621 667 1667 1621 329 1271 633 1633 1329 56 916 60 1056 1916 190 86 1535 256 1190 834 1256 1834 1086 252 594 1252 517 222 1594 1517 1060 1222 428 1428 833 1833 768 1768 188 1188

781 686 723 1781 263 598 1263 20 1723 175 1598 279 1686 357 1020 963 1175 623 1279 748 1963 51 1051 722 1357 321 1321 795 1748 671 1623 1795 873 599 1671 758 1722 459 1599 538 1873 181 1758 845 1181 292 1845 426 1459 52 1538 567 1052 1567 96 405 1292 349 1426 652 1405 740 1349 692 1096 806 1740 1692 902 169 1652 313 1313 978 1169 225 1225 848 1806 130 1902 113 1130 121 1113 905 1121 998 1998 639 1639 172 1172 565 1848 805 1978 363 1905 952 1565 683 1805 227 1952 714 1714 630 1227 1683 215 691 1630 982 1363 710 797 1215 844 1982 1691 62 1062 475 1844 838 1475 727 1797 854 1710 137 1727 498 1137 658 1854 1498 592 1838 179 115 1592 928 1928 1179 341 1341 999 333 1115 198 1658 793 1793 258 1999 345 1333 1258 63 1198 790 1345 1790 303 889 1889 1063 1303 34 635 1635 1034







